111666-0.05,-0.06,0.07,-0.35,-0.08,-0.89,-0.11,0.07,-0.10
-0.11,-0.13,0.14,-0.36,-0.08,-0.93,-0.10,0.06,-0.10
-0.16,-0.20,0.20,-0.35,-0.08,-0.93,-0.11,0.06,-0.10
-0.22,-0.27,0.28,-0.37,-0.08,-0.93,-0.11,0.08,-0.10
-0.28,-0.34,0.37,-0.37,-0.08,-0.93,-0.11,0.09,-0.11
-0.34,-0.41,0.46,-0.37,-0.08,-0.92,-0.11,0.09,-0.10
-0.40,-0.48,0.55,-0.37,-0.08,-0.92,-0.11,0.08,-0.10
-0.46,-0.55,0.63,-0.36,-0.09,-0.93,-0.10,0.08,-0.09
-0.51,-0.62,0.71,-0.36,-0.08,-0.93,-0.10,0.09,-0.09
-0.56,-0.68,0.80,-0.36,-0.08,-0.92,-0.10,0.10,-0.09
-0.62,-0.75,0.89,-0.36,-0.08,-0.92,-0.10,0.09,-0.09
-0.67,-0.82,0.97,-0.36,-0.08,-0.92,-0.11,0.08,-0.10
-0.73,-0.90,1.06,-0.36,-0.08,-0.92,-0.11,0.08,-0.10
-0.79,-0.97,1.14,-0.36,-0.08,-0.92,-0.10,0.08,-0.10
-0.84,-1.04,1.22,-0.36,-0.08,-0.92,-0.10,0.08,-0.10
-0.90,-1.11,1.31,-0.36,-0.08,-0.92,-0.11,0.08,-0.10
-0.96,-1.18,1.39,-0.36,-0.08,-0.92,-0.10,0.08,-0.09
-1.01,-1.25,1.47,-0.36,-0.08,-0.92,-0.10,0.08,-0.09
-1.07,-1.32,1.56,-0.36,-0.08,-0.92,-0.11,0.09,-0.10
-1.12,-1.39,1.65,-0.36,-0.08,-0.92,-0.11,0.09,-0.10
-1.18,-1.47,1.73,-0.36,-0.08,-0.92,-0.11,0.09,-0.10
-1.24,-1.54,1.82,-0.36,-0.08,-0.92,-0.11,0.08,-0.10
-1.30,-1.61,1.90,-0.36,-0.08,-0.92,-0.11,0.08,-0.10
-1.35,-1.68,1.99,-0.36,-0.08,-0.92,-0.10,0.09,-0.10
-1.41,-1.76,2.08,-0.36,-0.08,-0.92,-0.10,0.09,-0.09
-1.47,-1.83,2.16,-0.36,-0.08,-0.92,-0.11,0.09,-0.09
-1.52,-1.90,2.25,-0.36,-0.08,-0.92,-0.11,0.09,-0.10
-1.58,-1.98,2.34,-0.36,-0.08,-0.92,-0.11,0.09,-0.09
-1.64,-2.05,2.42,-0.36,-0.08,-0.92,-0.11,0.08,-0.09
-1.69,-2.12,2.51,-0.36,-0.08,-0.92,-0.10,0.08,-0.09
-1.75,-2.20,2.59,-0.36,-0.08,-0.92,-0.10,0.08,-0.09
-1.80,-2.27,2.67,-0.36,-0.08,-0.92,-0.10,0.08,-0.09
-1.85,-2.34,2.76,-0.36,-0.08,-0.92,-0.10,0.08,-0.09
-1.91,-2.42,2.84,-0.36,-0.08,-0.92,-0.11,0.08,-0.09
-1.97,-2.49,2.93,-0.36,-0.08,-0.92,-0.11,0.09,-0.10
-2.03,-2.57,3.02,-0.36,-0.08,-0.92,-0.11,0.09,-0.10
-2.09,-2.65,3.10,-0.36,-0.08,-0.92,-0.11,0.08,-0.11
-2.16,-2.72,3.18,-0.36,-0.08,-0.92,-0.11,0.08,-0.11
-2.22,-2.80,3.27,-0.36,-0.08,-0.92,-0.11,0.08,-0.10
-2.28,-2.88,3.35,-0.36,-0.08,-0.92,-0.11,0.08,-0.10
-2.34,-2.96,3.44,-0.36,-0.08,-0.92,-0.11,0.08,-0.10
-2.40,-3.04,3.53,-0.36,-0.08,-0.92,-0.11,0.08,-0.10
-2.46,-3.12,3.61,-0.36,-0.08,-0.92,-0.11,0.08,-0.10
-2.52,-3.19,3.70,-0.36,-0.08,-0.92,-0.11,0.08,-0.10
-2.58,-3.27,3.78,-0.36,-0.08,-0.92,-0.11,0.08,-0.10
-2.64,-3.35,3.87,-0.36,-0.08,-0.92,-0.11,0.08,-0.10
-2.70,-3.43,3.95,-0.36,-0.08,-0.92,-0.11,0.08,-0.10
-2.76,-3.51,4.04,-0.36,-0.08,-0.92,-0.11,0.09,-0.10
-2.83,-3.59,4.13,-0.36,-0.08,-0.92,-0.11,0.09,-0.10
-2.89,-3.67,4.21,-0.36,-0.08,-0.92,-0.11,0.08,-0.10
-2.95,-3.75,4.30,-0.36,-0.08,-0.92,-0.11,0.08,-0.10
-3.01,-3.83,4.39,-0.36,-0.08,-0.92,-0.11,0.08,-0.10
-3.07,-3.91,4.47,-0.36,-0.08,-0.92,-0.11,0.08,-0.10
-3.13,-3.99,4.56,-0.36,-0.08,-0.92,-0.11,0.08,-0.10
-3.20,-4.08,4.64,-0.36,-0.08,-0.92,-0.11,0.08,-0.10
-3.26,-4.16,4.73,-0.36,-0.08,-0.92,-0.11,0.08,-0.10
-3.32,-4.24,4.82,-0.36,-0.08,-0.92,-0.11,0.09,-0.10
-3.38,-4.32,4.90,-0.36,-0.08,-0.92,-0.11,0.09,-0.10
-3.45,-4.41,4.99,-0.36,-0.08,-0.92,-0.11,0.09,-0.10
-3.51,-4.49,5.08,-0.36,-0.08,-0.92,-0.11,0.09,-0.10
-3.57,-4.57,5.17,-0.36,-0.08,-0.92,-0.11,0.09,-0.10
-3.64,-4.66,5.25,-0.36,-0.08,-0.92,-0.11,0.08,-0.10
-3.70,-4.74,5.34,-0.36,-0.08,-0.92,-0.11,0.09,-0.10
-3.76,-4.82,5.43,-0.36,-0.08,-0.92,-0.11,0.08,-0.10
-3.82,-4.90,5.52,-0.36,-0.08,-0.92,-0.11,0.09,-0.10
-3.89,-4.99,5.60,-0.36,-0.08,-0.92,-0.11,0.08,-0.10
-3.95,-5.07,5.69,-0.36,-0.08,-0.92,-0.11,0.09,-0.10
-4.01,-5.16,5.78,-0.36,-0.08,-0.92,-0.11,0.09,-0.10
-4.08,-5.24,5.87,-0.36,-0.08,-0.92,-0.11,0.09,-0.10
-4.14,-5.32,5.95,-0.36,-0.08,-0.92,-0.11,0.09,-0.10
-4.20,-5.41,6.04,-0.36,-0.08,-0.92,-0.11,0.09,-0.10
-4.26,-5.49,6.13,-0.36,-0.08,-0.92,-0.11,0.09,-0.10
-4.33,-5.58,6.22,-0.36,-0.08,-0.92,-0.11,0.08,-0.10
-4.39,-5.66,6.31,-0.36,-0.08,-0.92,-0.11,0.08,-0.10
-4.45,-5.75,6.39,-0.36,-0.08,-0.92,-0.11,0.08,-0.10
-4.52,-5.83,6.48,-0.36,-0.08,-0.92,-0.11,0.08,-0.10
-4.58,-5.92,6.57,-0.36,-0.08,-0.92,-0.11,0.09,-0.10
-4.64,-6.00,6.66,-0.36,-0.08,-0.92,-0.11,0.09,-0.10
-4.71,-6.09,6.74,-0.36,-0.08,-0.92,-0.11,0.08,-0.10
-4.77,-6.18,6.83,-0.36,-0.08,-0.92,-0.11,0.09,-0.10
-4.83,-6.26,6.92,-0.36,-0.08,-0.92,-0.11,0.08,-0.10
-4.90,-6.35,7.01,-0.36,-0.08,-0.92,-0.11,0.08,-0.10
-4.96,-6.44,7.09,-0.36,-0.08,-0.92,-0.11,0.08,-0.10
-5.03,-6.53,7.18,-0.36,-0.08,-0.92,-0.11,0.08,-0.10
-5.10,-6.62,7.27,-0.36,-0.08,-0.92,-0.11,0.08,-0.10
-5.16,-6.71,7.35,-0.36,-0.08,-0.92,-0.11,0.08,-0.11
-5.23,-6.79,7.44,-0.36,-0.08,-0.92,-0.11,0.08,-0.10
-5.30,-6.88,7.53,-0.36,-0.08,-0.92,-0.11,0.08,-0.10
-5.36,-6.97,7.62,-0.36,-0.08,-0.92,-0.11,0.08,-0.10
-5.43,-7.06,7.71,-0.36,-0.08,-0.92,-0.11,0.08,-0.10
-5.49,-7.15,7.79,-0.36,-0.08,-0.92,-0.11,0.08,-0.10
-5.56,-7.24,7.88,-0.36,-0.08,-0.92,-0.11,0.08,-0.10
-5.63,-7.33,7.97,-0.36,-0.08,-0.92,-0.11,0.08,-0.10
-5.70,-7.42,8.05,-0.36,-0.08,-0.92,-0.11,0.09,-0.10
-5.76,-7.51,8.14,-0.36,-0.08,-0.92,-0.11,0.09,-0.10
-5.83,-7.60,8.23,-0.36,-0.08,-0.92,-0.11,0.09,-0.10
-5.90,-7.70,8.32,-0.36,-0.08,-0.92,-0.11,0.08,-0.10
-5.97,-7.79,8.41,-0.36,-0.08,-0.92,-0.11,0.09,-0.10
-6.04,-7.88,8.50,-0.36,-0.08,-0.92,-0.11,0.08,-0.10
-6.10,-7.97,8.59,-0.36,-0.08,-0.92,-0.11,0.08,-0.10
time:1004	
-6.145137,-8.029564,8.637979
-6.17,-8.07,8.67,-0.36,-0.08,-0.92,-0.11,0.08,-0.10
-6.24,-8.16,8.76,-0.36,-0.08,-0.92,-0.11,0.08,-0.10
-6.31,-8.25,8.85,-0.36,-0.08,-0.92,-0.11,0.08,-0.10
-6.38,-8.35,8.93,-0.36,-0.08,-0.92,-0.11,0.08,-0.10
-6.45,-8.44,9.02,-0.36,-0.08,-0.92,-0.11,0.08,-0.10
-6.52,-8.53,9.11,-0.36,-0.08,-0.92,-0.11,0.08,-0.10
-6.59,-8.63,9.20,-0.36,-0.08,-0.92,-0.11,0.09,-0.10
-6.66,-8.72,9.29,-0.36,-0.08,-0.92,-0.11,0.08,-0.10
-6.73,-8.82,9.38,-0.36,-0.08,-0.92,-0.11,0.09,-0.10
-6.79,-8.91,9.47,-0.36,-0.08,-0.92,-0.11,0.09,-0.10
-6.86,-9.01,9.55,-0.36,-0.08,-0.92,-0.11,0.08,-0.10
-6.93,-9.10,9.64,-0.36,-0.08,-0.92,-0.11,0.09,-0.10
-7.00,-9.20,9.73,-0.36,-0.08,-0.92,-0.11,0.08,-0.10
-7.07,-9.29,9.82,-0.36,-0.08,-0.92,-0.11,0.08,-0.10
-7.14,-9.39,9.91,-0.36,-0.08,-0.92,-0.11,0.08,-0.10
-7.21,-9.49,9.99,-0.36,-0.08,-0.92,-0.11,0.08,-0.10
-7.28,-9.58,10.08,-0.36,-0.08,-0.92,-0.11,0.08,-0.10
-7.35,-9.68,10.17,-0.36,-0.08,-0.92,-0.11,0.09,-0.10
-7.42,-9.78,10.26,-0.36,-0.08,-0.92,-0.11,0.09,-0.10
-7.50,-9.88,10.35,-0.36,-0.08,-0.92,-0.11,0.09,-0.10
-7.57,-9.98,10.44,-0.36,-0.08,-0.92,-0.11,0.09,-0.10
-7.64,-10.07,10.53,-0.36,-0.08,-0.92,-0.11,0.09,-0.10
-7.71,-10.17,10.62,-0.36,-0.08,-0.92,-0.11,0.09,-0.10
-7.78,-10.27,10.70,-0.36,-0.08,-0.92,-0.11,0.08,-0.10
-7.85,-10.37,10.79,-0.36,-0.08,-0.92,-0.11,0.08,-0.10
-7.93,-10.47,10.88,-0.36,-0.08,-0.92,-0.11,0.08,-0.10
-8.00,-10.57,10.97,-0.36,-0.08,-0.92,-0.11,0.08,-0.10
-8.07,-10.67,11.06,-0.36,-0.08,-0.92,-0.11,0.08,-0.10
-8.14,-10.77,11.14,-0.36,-0.08,-0.92,-0.11,0.08,-0.10
-8.21,-10.87,11.23,-0.36,-0.08,-0.92,-0.11,0.08,-0.10
-8.29,-10.97,11.32,-0.36,-0.08,-0.92,-0.11,0.08,-0.10
-8.36,-11.07,11.41,-0.36,-0.08,-0.92,-0.11,0.09,-0.10
-8.44,-11.18,11.49,-0.36,-0.08,-0.92,-0.11,0.09,-0.10
-8.51,-11.28,11.58,-0.36,-0.08,-0.92,-0.11,0.09,-0.10
-8.58,-11.38,11.67,-0.36,-0.08,-0.92,-0.11,0.08,-0.10
-8.66,-11.48,11.76,-0.36,-0.08,-0.92,-0.11,0.08,-0.10
-8.73,-11.59,11.85,-0.36,-0.08,-0.92,-0.11,0.09,-0.10
-8.80,-11.69,11.94,-0.36,-0.08,-0.92,-0.11,0.09,-0.10
-8.87,-11.79,12.03,-0.36,-0.08,-0.92,-0.11,0.09,-0.10
-8.95,-11.90,12.12,-0.36,-0.08,-0.92,-0.11,0.09,-0.10
-9.02,-12.00,12.21,-0.36,-0.08,-0.92,-0.11,0.08,-0.10
-9.09,-12.10,12.30,-0.36,-0.08,-0.92,-0.11,0.09,-0.10
-9.17,-12.21,12.39,-0.36,-0.08,-0.92,-0.11,0.09,-0.10
-9.24,-12.31,12.48,-0.36,-0.08,-0.92,-0.11,0.09,-0.10
-9.31,-12.41,12.57,-0.36,-0.08,-0.92,-0.11,0.09,-0.10
-9.39,-12.52,12.65,-0.36,-0.08,-0.92,-0.11,0.08,-0.10
-9.46,-12.63,12.74,-0.36,-0.08,-0.92,-0.11,0.09,-0.10
-9.54,-12.73,12.84,-0.36,-0.08,-0.92,-0.11,0.08,-0.09
-9.61,-12.83,12.92,-0.36,-0.08,-0.92,-0.10,0.08,-0.09
-9.68,-12.94,13.01,-0.36,-0.08,-0.92,-0.10,0.09,-0.09
-9.75,-13.04,13.10,-0.36,-0.08,-0.92,-0.10,0.09,-0.09
-9.82,-13.14,13.19,-0.36,-0.08,-0.92,-0.11,0.09,-0.10
-9.90,-13.25,13.28,-0.36,-0.08,-0.92,-0.11,0.08,-0.10
-9.97,-13.35,13.37,-0.36,-0.08,-0.92,-0.11,0.08,-0.10
-10.05,-13.46,13.46,-0.36,-0.08,-0.92,-0.11,0.09,-0.10
-10.12,-13.57,13.55,-0.36,-0.08,-0.92,-0.11,0.09,-0.10
-10.20,-13.68,13.64,-0.36,-0.08,-0.92,-0.11,0.08,-0.09
-10.27,-13.78,13.73,-0.36,-0.08,-0.92,-0.10,0.08,-0.09
-10.34,-13.89,13.82,-0.36,-0.08,-0.92,-0.10,0.09,-0.10
-10.42,-13.99,13.91,-0.36,-0.08,-0.92,-0.11,0.09,-0.10
-10.49,-14.10,14.00,-0.36,-0.08,-0.92,-0.11,0.08,-0.10
-10.57,-14.21,14.09,-0.36,-0.08,-0.92,-0.11,0.09,-0.10
-10.64,-14.32,14.18,-0.36,-0.08,-0.92,-0.11,0.09,-0.09
-10.72,-14.43,14.27,-0.36,-0.08,-0.92,-0.10,0.09,-0.09
-10.79,-14.54,14.35,-0.36,-0.08,-0.92,-0.10,0.08,-0.09
-10.86,-14.64,14.44,-0.36,-0.08,-0.92,-0.10,0.09,-0.09
-10.94,-14.75,14.53,-0.36,-0.08,-0.92,-0.11,0.08,-0.10
-11.02,-14.86,14.62,-0.36,-0.08,-0.92,-0.11,0.09,-0.10
-11.10,-14.98,14.71,-0.36,-0.08,-0.92,-0.11,0.08,-0.10
-11.17,-15.09,14.80,-0.36,-0.08,-0.92,-0.11,0.08,-0.10
-11.25,-15.21,14.88,-0.36,-0.08,-0.92,-0.11,0.08,-0.10
-11.33,-15.32,14.97,-0.36,-0.08,-0.92,-0.11,0.09,-0.10
-11.41,-15.43,15.06,-0.36,-0.08,-0.92,-0.11,0.08,-0.10
-11.49,-15.54,15.15,-0.36,-0.08,-0.92,-0.11,0.08,-0.10
-11.57,-15.65,15.24,-0.36,-0.08,-0.92,-0.11,0.08,-0.10
-11.65,-15.77,15.32,-0.36,-0.08,-0.92,-0.11,0.09,-0.10
-11.73,-15.88,15.41,-0.36,-0.08,-0.92,-0.11,0.08,-0.10
-11.81,-16.00,15.50,-0.36,-0.08,-0.92,-0.11,0.08,-0.10
-11.89,-16.11,15.58,-0.36,-0.08,-0.92,-0.11,0.08,-0.10
-11.97,-16.23,15.67,-0.36,-0.08,-0.92,-0.11,0.09,-0.10
-12.05,-16.35,15.76,-0.36,-0.08,-0.92,-0.11,0.08,-0.10
-12.14,-16.46,15.85,-0.36,-0.08,-0.92,-0.11,0.09,-0.10
-12.22,-16.58,15.94,-0.36,-0.08,-0.92,-0.11,0.09,-0.10
-12.30,-16.70,16.02,-0.36,-0.08,-0.92,-0.11,0.08,-0.10
-12.38,-16.82,16.11,-0.36,-0.08,-0.92,-0.11,0.08,-0.10
-12.46,-16.93,16.20,-0.36,-0.08,-0.92,-0.11,0.08,-0.10
-12.54,-17.05,16.29,-0.36,-0.08,-0.92,-0.11,0.08,-0.10
-12.62,-17.17,16.37,-0.36,-0.08,-0.92,-0.11,0.08,-0.10
-12.71,-17.29,16.46,-0.36,-0.08,-0.92,-0.11,0.08,-0.10
-12.79,-17.41,16.54,-0.36,-0.08,-0.92,-0.11,0.08,-0.10
-12.87,-17.53,16.63,-0.36,-0.08,-0.92,-0.11,0.09,-0.10
-12.96,-17.65,16.72,-0.36,-0.08,-0.92,-0.11,0.09,-0.10
-13.04,-17.77,16.81,-0.36,-0.08,-0.92,-0.11,0.09,-0.10
-13.13,-17.89,16.90,-0.36,-0.08,-0.92,-0.11,0.09,-0.10
-13.21,-18.01,16.98,-0.36,-0.08,-0.92,-0.11,0.08,-0.10
-13.29,-18.13,17.07,-0.36,-0.08,-0.92,-0.11,0.09,-0.10
-13.38,-18.25,17.16,-0.36,-0.08,-0.92,-0.11,0.08,-0.10
-13.46,-18.38,17.24,-0.36,-0.08,-0.92,-0.11,0.08,-0.10
-13.54,-18.50,17.33,-0.36,-0.08,-0.92,-0.11,0.08,-0.10
-13.63,-18.62,17.41,-0.36,-0.08,-0.92,-0.11,0.09,-0.10
time:2004	
-13.679935,-18.693319,17.467396
-13.71,-18.74,17.50,-0.36,-0.08,-0.92,-0.11,0.09,-0.10
-13.80,-18.87,17.59,-0.36,-0.08,-0.92,-0.11,0.09,-0.10
-13.89,-18.99,17.68,-0.36,-0.08,-0.92,-0.11,0.09,-0.10
-13.97,-19.11,17.76,-0.36,-0.08,-0.92,-0.11,0.08,-0.10
-14.06,-19.24,17.85,-0.36,-0.08,-0.92,-0.11,0.08,-0.10
-14.14,-19.36,17.94,-0.36,-0.08,-0.92,-0.11,0.08,-0.10
-14.23,-19.49,18.02,-0.36,-0.08,-0.92,-0.11,0.09,-0.10
-14.32,-19.61,18.11,-0.36,-0.08,-0.92,-0.11,0.09,-0.10
-14.41,-19.74,18.20,-0.36,-0.08,-0.92,-0.11,0.09,-0.10
-14.49,-19.87,18.28,-0.36,-0.08,-0.92,-0.11,0.09,-0.10
-14.58,-19.99,18.37,-0.36,-0.08,-0.92,-0.11,0.09,-0.10
-14.67,-20.12,18.45,-0.36,-0.08,-0.92,-0.11,0.09,-0.10
-14.76,-20.25,18.54,-0.36,-0.08,-0.92,-0.11,0.09,-0.10
-14.84,-20.37,18.63,-0.36,-0.08,-0.92,-0.11,0.08,-0.10
-14.93,-20.50,18.71,-0.36,-0.08,-0.92,-0.11,0.08,-0.10
-15.02,-20.63,18.80,-0.36,-0.08,-0.92,-0.11,0.08,-0.10
-15.11,-20.76,18.88,-0.36,-0.08,-0.92,-0.11,0.08,-0.10
-15.20,-20.89,18.97,-0.36,-0.08,-0.92,-0.11,0.09,-0.10
-15.29,-21.01,19.05,-0.36,-0.08,-0.92,-0.11,0.08,-0.10
-15.38,-21.14,19.14,-0.36,-0.08,-0.92,-0.11,0.08,-0.10
-15.47,-21.27,19.22,-0.36,-0.08,-0.92,-0.11,0.08,-0.10
-15.56,-21.40,19.31,-0.36,-0.08,-0.92,-0.11,0.08,-0.10
-15.65,-21.53,19.39,-0.36,-0.08,-0.92,-0.11,0.08,-0.10
-15.74,-21.66,19.47,-0.36,-0.08,-0.92,-0.11,0.08,-0.10
-15.83,-21.79,19.56,-0.36,-0.08,-0.92,-0.11,0.08,-0.10
-15.92,-21.93,19.64,-0.36,-0.08,-0.92,-0.11,0.09,-0.10
-16.01,-22.06,19.73,-0.36,-0.08,-0.92,-0.11,0.08,-0.10
-16.11,-22.19,19.81,-0.36,-0.08,-0.92,-0.11,0.08,-0.10
-16.20,-22.33,19.89,-0.36,-0.08,-0.92,-0.11,0.08,-0.10
-16.29,-22.46,19.98,-0.36,-0.08,-0.92,-0.11,0.08,-0.10
-16.38,-22.59,20.06,-0.36,-0.08,-0.92,-0.11,0.08,-0.10
-16.47,-22.73,20.15,-0.36,-0.08,-0.92,-0.11,0.08,-0.10
-16.56,-22.86,20.23,-0.36,-0.08,-0.92,-0.11,0.09,-0.10
-16.66,-23.00,20.32,-0.36,-0.08,-0.92,-0.11,0.09,-0.10
-16.75,-23.13,20.40,-0.36,-0.08,-0.92,-0.11,0.08,-0.10
-16.84,-23.27,20.48,-0.36,-0.08,-0.92,-0.11,0.08,-0.10
-16.93,-23.41,20.57,-0.36,-0.08,-0.92,-0.11,0.08,-0.10
-17.03,-23.54,20.65,-0.36,-0.08,-0.92,-0.11,0.08,-0.10
-17.12,-23.68,20.73,-0.36,-0.08,-0.92,-0.11,0.09,-0.10
-17.22,-23.82,20.82,-0.36,-0.08,-0.92,-0.11,0.08,-0.10
-17.31,-23.95,20.90,-0.36,-0.08,-0.92,-0.11,0.09,-0.10
-17.41,-24.09,20.98,-0.36,-0.08,-0.92,-0.11,0.09,-0.10
-17.51,-24.23,21.07,-0.36,-0.08,-0.92,-0.11,0.09,-0.10
-17.60,-24.37,21.15,-0.36,-0.08,-0.92,-0.11,0.09,-0.10
-17.70,-24.51,21.23,-0.36,-0.08,-0.92,-0.11,0.08,-0.10
-17.80,-24.65,21.31,-0.36,-0.08,-0.92,-0.11,0.08,-0.10
-17.89,-24.79,21.40,-0.36,-0.08,-0.92,-0.11,0.08,-0.10
-17.99,-24.93,21.48,-0.36,-0.08,-0.92,-0.11,0.09,-0.10
-18.09,-25.07,21.56,-0.36,-0.08,-0.92,-0.11,0.09,-0.10
-18.18,-25.21,21.65,-0.36,-0.08,-0.92,-0.11,0.09,-0.10
-18.28,-25.36,21.73,-0.36,-0.08,-0.92,-0.11,0.09,-0.10
-18.38,-25.50,21.81,-0.36,-0.08,-0.92,-0.11,0.09,-0.10
-18.47,-25.64,21.89,-0.36,-0.08,-0.92,-0.11,0.08,-0.10
-18.57,-25.78,21.97,-0.36,-0.08,-0.92,-0.11,0.09,-0.10
-18.67,-25.92,22.06,-0.36,-0.08,-0.92,-0.11,0.09,-0.10
-18.77,-26.06,22.14,-0.36,-0.08,-0.92,-0.11,0.09,-0.10
-18.87,-26.21,22.22,-0.36,-0.08,-0.92,-0.11,0.08,-0.10
-18.97,-26.35,22.30,-0.36,-0.08,-0.92,-0.11,0.08,-0.10
-19.07,-26.50,22.38,-0.36,-0.08,-0.92,-0.11,0.08,-0.10
-19.17,-26.64,22.46,-0.36,-0.08,-0.92,-0.11,0.08,-0.10
-19.26,-26.78,22.54,-0.36,-0.08,-0.92,-0.11,0.08,-0.10
-19.36,-26.93,22.62,-0.36,-0.08,-0.92,-0.11,0.08,-0.10
-19.46,-27.07,22.70,-0.36,-0.08,-0.92,-0.11,0.08,-0.10
-19.56,-27.22,22.77,-0.36,-0.08,-0.92,-0.11,0.08,-0.10
-19.66,-27.37,22.85,-0.36,-0.08,-0.92,-0.11,0.08,-0.10
-19.77,-27.51,22.93,-0.36,-0.08,-0.92,-0.11,0.09,-0.10
-19.87,-27.66,23.01,-0.36,-0.08,-0.92,-0.11,0.08,-0.10
-19.97,-27.81,23.09,-0.36,-0.08,-0.92,-0.11,0.08,-0.10
-20.07,-27.96,23.17,-0.36,-0.08,-0.92,-0.11,0.08,-0.10
-20.17,-28.11,23.24,-0.36,-0.08,-0.92,-0.11,0.08,-0.10
-20.27,-28.25,23.32,-0.36,-0.08,-0.92,-0.11,0.08,-0.10
-20.38,-28.40,23.40,-0.36,-0.08,-0.92,-0.11,0.08,-0.10
-20.48,-28.55,23.47,-0.36,-0.08,-0.92,-0.11,0.08,-0.11
-20.59,-28.70,23.55,-0.36,-0.08,-0.92,-0.11,0.08,-0.10
-20.69,-28.86,23.63,-0.36,-0.08,-0.92,-0.11,0.08,-0.10
-20.79,-29.01,23.70,-0.36,-0.08,-0.92,-0.11,0.08,-0.10
-20.90,-29.16,23.78,-0.36,-0.08,-0.92,-0.11,0.08,-0.10
-21.00,-29.31,23.86,-0.36,-0.08,-0.92,-0.11,0.09,-0.10
-21.11,-29.46,23.93,-0.36,-0.08,-0.92,-0.11,0.08,-0.10
-21.21,-29.61,24.01,-0.36,-0.08,-0.92,-0.11,0.08,-0.10
-21.32,-29.77,24.09,-0.36,-0.08,-0.92,-0.11,0.08,-0.10
-21.42,-29.92,24.16,-0.36,-0.08,-0.92,-0.11,0.09,-0.10
-21.53,-30.08,24.24,-0.36,-0.08,-0.92,-0.11,0.08,-0.10
-21.63,-30.23,24.32,-0.36,-0.08,-0.92,-0.11,0.08,-0.10
-21.74,-30.38,24.39,-0.36,-0.08,-0.92,-0.11,0.08,-0.10
-21.85,-30.54,24.47,-0.36,-0.08,-0.92,-0.11,0.08,-0.10
-21.95,-30.69,24.54,-0.36,-0.08,-0.92,-0.11,0.08,-0.10
-22.06,-30.85,24.62,-0.36,-0.08,-0.92,-0.11,0.08,-0.10
-22.17,-31.01,24.69,-0.36,-0.08,-0.92,-0.11,0.09,-0.10
-22.27,-31.16,24.77,-0.36,-0.08,-0.92,-0.11,0.09,-0.10
-22.38,-31.32,24.84,-0.36,-0.08,-0.92,-0.11,0.08,-0.10
-22.49,-31.48,24.92,-0.36,-0.08,-0.92,-0.11,0.08,-0.10
-22.60,-31.63,24.99,-0.36,-0.08,-0.92,-0.11,0.08,-0.10
-22.71,-31.79,25.06,-0.36,-0.08,-0.92,-0.11,0.08,-0.10
-22.81,-31.95,25.14,-0.36,-0.08,-0.92,-0.11,0.09,-0.10
-22.92,-32.11,25.21,-0.36,-0.08,-0.92,-0.11,0.08,-0.10
-23.03,-32.27,25.29,-0.36,-0.08,-0.92,-0.11,0.08,-0.10
-23.14,-32.43,25.36,-0.36,-0.08,-0.92,-0.11,0.09,-0.10
-23.25,-32.59,25.43,-0.36,-0.08,-0.92,-0.11,0.08,-0.10
-23.36,-32.75,25.51,-0.36,-0.08,-0.92,-0.11,0.09,-0.10
time:3004	
-23.430809,-32.844421,25.549688
-23.48,-32.91,25.58,-0.36,-0.08,-0.92,-0.11,0.09,-0.10
-23.59,-33.07,25.65,-0.36,-0.08,-0.92,-0.11,0.08,-0.10
-23.70,-33.23,25.73,-0.36,-0.08,-0.92,-0.11,0.08,-0.10
-23.81,-33.39,25.80,-0.36,-0.08,-0.92,-0.11,0.09,-0.10
-23.92,-33.56,25.87,-0.36,-0.08,-0.92,-0.11,0.08,-0.10
-24.03,-33.72,25.94,-0.36,-0.08,-0.92,-0.11,0.08,-0.10
-24.14,-33.88,26.02,-0.36,-0.08,-0.92,-0.11,0.09,-0.10
-24.25,-34.05,26.09,-0.36,-0.08,-0.92,-0.11,0.08,-0.10
-24.36,-34.21,26.16,-0.36,-0.08,-0.92,-0.11,0.08,-0.10
-24.48,-34.38,26.23,-0.36,-0.08,-0.92,-0.11,0.09,-0.10
-24.59,-34.54,26.30,-0.36,-0.08,-0.92,-0.11,0.08,-0.10
-24.71,-34.71,26.37,-0.36,-0.08,-0.92,-0.11,0.09,-0.10
-24.82,-34.87,26.44,-0.36,-0.08,-0.92,-0.11,0.08,-0.10
-24.93,-35.04,26.51,-0.36,-0.08,-0.92,-0.11,0.09,-0.10
-25.05,-35.21,26.58,-0.36,-0.08,-0.92,-0.11,0.08,-0.10
-25.16,-35.37,26.65,-0.36,-0.08,-0.92,-0.11,0.09,-0.10
-25.27,-35.54,26.72,-0.36,-0.08,-0.92,-0.11,0.08,-0.10
-25.39,-35.71,26.79,-0.36,-0.08,-0.92,-0.11,0.08,-0.10
-25.50,-35.88,26.86,-0.36,-0.08,-0.92,-0.11,0.08,-0.10
-25.61,-36.04,26.93,-0.36,-0.08,-0.92,-0.11,0.08,-0.10
-25.73,-36.21,27.00,-0.36,-0.08,-0.92,-0.11,0.09,-0.10
-25.85,-36.38,27.06,-0.36,-0.08,-0.92,-0.11,0.09,-0.10
-25.96,-36.55,27.13,-0.36,-0.08,-0.92,-0.11,0.09,-0.10
-26.08,-36.72,27.20,-0.36,-0.08,-0.92,-0.11,0.08,-0.10
-26.20,-36.89,27.27,-0.36,-0.08,-0.92,-0.11,0.09,-0.10
-26.32,-37.07,27.34,-0.36,-0.08,-0.92,-0.11,0.09,-0.10
-26.44,-37.24,27.40,-0.36,-0.08,-0.92,-0.11,0.08,-0.10
-26.55,-37.41,27.47,-0.36,-0.08,-0.92,-0.11,0.08,-0.10
-26.67,-37.58,27.53,-0.36,-0.08,-0.92,-0.11,0.08,-0.10
-26.79,-37.75,27.60,-0.36,-0.08,-0.92,-0.11,0.08,-0.10
-26.91,-37.92,27.66,-0.36,-0.08,-0.92,-0.11,0.08,-0.10
-27.02,-38.10,27.73,-0.36,-0.08,-0.92,-0.11,0.08,-0.10
-27.14,-38.27,27.79,-0.36,-0.08,-0.92,-0.11,0.08,-0.10
-27.26,-38.45,27.86,-0.36,-0.08,-0.92,-0.11,0.08,-0.10
-27.38,-38.62,27.92,-0.36,-0.08,-0.92,-0.11,0.08,-0.10
-27.50,-38.79,27.99,-0.36,-0.08,-0.92,-0.11,0.09,-0.10
-27.63,-38.97,28.05,-0.36,-0.08,-0.92,-0.11,0.09,-0.10
-27.75,-39.15,28.12,-0.36,-0.08,-0.92,-0.11,0.09,-0.10
-27.87,-39.32,28.18,-0.36,-0.08,-0.92,-0.11,0.08,-0.10
-27.99,-39.50,28.24,-0.36,-0.08,-0.92,-0.11,0.08,-0.10
-28.11,-39.68,28.31,-0.36,-0.08,-0.92,-0.11,0.08,-0.10
-28.23,-39.85,28.37,-0.36,-0.08,-0.92,-0.11,0.09,-0.10
-28.35,-40.03,28.43,-0.36,-0.08,-0.92,-0.11,0.08,-0.10
-28.47,-40.21,28.49,-0.36,-0.08,-0.92,-0.11,0.09,-0.10
-28.60,-40.39,28.56,-0.36,-0.08,-0.92,-0.11,0.08,-0.10
-28.72,-40.56,28.62,-0.36,-0.08,-0.92,-0.11,0.08,-0.10
-28.84,-40.74,28.68,-0.36,-0.08,-0.92,-0.11,0.08,-0.10
-28.96,-40.92,28.74,-0.36,-0.08,-0.92,-0.11,0.09,-0.10
-29.09,-41.10,28.80,-0.36,-0.08,-0.92,-0.11,0.08,-0.10
-29.21,-41.28,28.86,-0.36,-0.08,-0.92,-0.11,0.09,-0.10
-29.34,-41.46,28.92,-0.36,-0.08,-0.92,-0.11,0.09,-0.10
-29.46,-41.65,28.98,-0.36,-0.08,-0.92,-0.11,0.09,-0.10
-29.58,-41.83,29.04,-0.36,-0.08,-0.92,-0.11,0.08,-0.10
-29.71,-42.01,29.10,-0.36,-0.08,-0.92,-0.11,0.08,-0.10
-29.83,-42.19,29.16,-0.36,-0.08,-0.92,-0.11,0.09,-0.10
-29.96,-42.38,29.22,-0.36,-0.08,-0.92,-0.11,0.08,-0.10
-30.08,-42.56,29.28,-0.36,-0.08,-0.92,-0.11,0.08,-0.10
-30.21,-42.74,29.33,-0.36,-0.08,-0.92,-0.11,0.08,-0.10
-30.33,-42.93,29.39,-0.36,-0.08,-0.92,-0.11,0.08,-0.10
-30.46,-43.11,29.45,-0.36,-0.08,-0.92,-0.11,0.09,-0.10
-30.59,-43.30,29.51,-0.36,-0.08,-0.92,-0.11,0.09,-0.10
-30.71,-43.48,29.57,-0.36,-0.08,-0.92,-0.11,0.08,-0.10
-30.84,-43.67,29.62,-0.36,-0.08,-0.92,-0.11,0.09,-0.10
-30.97,-43.85,29.68,-0.36,-0.08,-0.92,-0.11,0.08,-0.10
-31.10,-44.04,29.74,-0.36,-0.08,-0.92,-0.11,0.09,-0.10
-31.22,-44.23,29.79,-0.36,-0.08,-0.92,-0.11,0.09,-0.10
-31.35,-44.42,29.85,-0.36,-0.08,-0.92,-0.11,0.09,-0.10
-31.48,-44.60,29.90,-0.36,-0.08,-0.92,-0.11,0.08,-0.10
-31.61,-44.79,29.96,-0.36,-0.08,-0.92,-0.11,0.08,-0.10
-31.74,-44.98,30.01,-0.36,-0.08,-0.92,-0.11,0.09,-0.10
-31.87,-45.17,30.07,-0.36,-0.08,-0.92,-0.11,0.09,-0.10
-32.00,-45.36,30.12,-0.36,-0.08,-0.92,-0.11,0.09,-0.10
-32.13,-45.55,30.17,-0.36,-0.08,-0.92,-0.11,0.09,-0.10
-32.26,-45.74,30.23,-0.36,-0.08,-0.92,-0.11,0.09,-0.10
-32.39,-45.93,30.28,-0.36,-0.08,-0.92,-0.11,0.08,-0.10
-32.52,-46.12,30.33,-0.36,-0.08,-0.92,-0.11,0.08,-0.10
-32.65,-46.31,30.38,-0.36,-0.08,-0.92,-0.11,0.08,-0.10
-32.78,-46.50,30.44,-0.36,-0.08,-0.92,-0.11,0.08,-0.10
-32.91,-46.69,30.49,-0.36,-0.08,-0.92,-0.11,0.08,-0.10
-33.04,-46.88,30.54,-0.36,-0.08,-0.92,-0.11,0.08,-0.10
-33.17,-47.07,30.59,-0.36,-0.08,-0.92,-0.11,0.09,-0.10
-33.30,-47.26,30.64,-0.36,-0.08,-0.92,-0.11,0.09,-0.10
-33.43,-47.46,30.69,-0.36,-0.08,-0.92,-0.11,0.09,-0.10
-33.56,-47.65,30.74,-0.36,-0.08,-0.92,-0.11,0.08,-0.10
-33.69,-47.84,30.79,-0.36,-0.08,-0.92,-0.11,0.09,-0.10
-33.82,-48.04,30.84,-0.36,-0.08,-0.92,-0.11,0.08,-0.10
-33.95,-48.23,30.89,-0.36,-0.08,-0.92,-0.11,0.08,-0.10
-34.09,-48.42,30.94,-0.36,-0.08,-0.92,-0.11,0.08,-0.10
-34.22,-48.62,30.98,-0.36,-0.08,-0.92,-0.11,0.08,-0.10
-34.35,-48.81,31.03,-0.36,-0.08,-0.92,-0.11,0.08,-0.10
-34.48,-49.01,31.08,-0.36,-0.08,-0.92,-0.11,0.08,-0.10
-34.62,-49.20,31.12,-0.36,-0.08,-0.92,-0.11,0.09,-0.10
-34.75,-49.40,31.17,-0.36,-0.08,-0.92,-0.11,0.09,-0.10
-34.89,-49.59,31.22,-0.36,-0.08,-0.92,-0.11,0.08,-0.10
-35.02,-49.79,31.26,-0.36,-0.08,-0.92,-0.11,0.09,-0.10
-35.15,-49.99,31.31,-0.36,-0.08,-0.92,-0.11,0.08,-0.10
-35.29,-50.19,31.35,-0.36,-0.08,-0.92,-0.11,0.08,-0.10
-35.42,-50.38,31.40,-0.36,-0.08,-0.92,-0.11,0.09,-0.10
-35.56,-50.58,31.44,-0.36,-0.08,-0.92,-0.11,0.08,-0.10
-35.69,-50.78,31.48,-0.36,-0.08,-0.92,-0.11,0.08,-0.10
time:4004	
-35.768520,-50.893688,31.509914
-35.82,-50.97,31.53,-0.36,-0.08,-0.92,-0.11,0.08,-0.10
-35.96,-51.17,31.57,-0.36,-0.08,-0.92,-0.11,0.08,-0.10
-36.09,-51.37,31.61,-0.36,-0.08,-0.92,-0.11,0.08,-0.10
-36.23,-51.57,31.65,-0.36,-0.08,-0.92,-0.11,0.08,-0.10
-36.36,-51.77,31.69,-0.36,-0.08,-0.92,-0.11,0.09,-0.11
-36.50,-51.97,31.73,-0.36,-0.08,-0.92,-0.11,0.09,-0.10
-36.64,-52.17,31.77,-0.36,-0.08,-0.92,-0.11,0.08,-0.10
-36.78,-52.37,31.81,-0.36,-0.08,-0.92,-0.11,0.08,-0.10
-36.91,-52.57,31.85,-0.36,-0.08,-0.92,-0.11,0.09,-0.10
-37.05,-52.77,31.89,-0.36,-0.08,-0.92,-0.11,0.08,-0.10
-37.19,-52.97,31.93,-0.36,-0.08,-0.92,-0.11,0.09,-0.10
-37.32,-53.17,31.97,-0.36,-0.08,-0.92,-0.11,0.08,-0.10
-37.46,-53.38,32.01,-0.36,-0.08,-0.92,-0.11,0.09,-0.10
-37.59,-53.58,32.05,-0.36,-0.08,-0.92,-0.11,0.08,-0.10
-37.73,-53.78,32.09,-0.36,-0.08,-0.92,-0.11,0.09,-0.10
-37.87,-53.98,32.13,-0.36,-0.08,-0.92,-0.11,0.09,-0.10
-38.00,-54.19,32.17,-0.36,-0.08,-0.92,-0.11,0.09,-0.10
-38.14,-54.39,32.21,-0.36,-0.08,-0.92,-0.11,0.09,-0.10
-38.28,-54.60,32.24,-0.36,-0.08,-0.92,-0.11,0.09,-0.10
-38.42,-54.80,32.28,-0.36,-0.08,-0.92,-0.11,0.08,-0.10
-38.55,-55.00,32.32,-0.36,-0.08,-0.92,-0.11,0.08,-0.10
-38.69,-55.21,32.35,-0.36,-0.08,-0.92,-0.11,0.08,-0.10
-38.82,-55.41,32.39,-0.36,-0.08,-0.92,-0.11,0.08,-0.10
-38.96,-55.62,32.42,-0.36,-0.08,-0.92,-0.11,0.08,-0.10
-39.10,-55.82,32.45,-0.36,-0.08,-0.92,-0.11,0.08,-0.10
-39.24,-56.03,32.49,-0.36,-0.08,-0.92,-0.11,0.08,-0.10
-39.38,-56.23,32.52,-0.36,-0.08,-0.92,-0.11,0.08,-0.10
-39.52,-56.44,32.55,-0.36,-0.08,-0.92,-0.11,0.08,-0.10
-39.66,-56.64,32.59,-0.36,-0.08,-0.92,-0.11,0.08,-0.10
-39.80,-56.85,32.62,-0.36,-0.08,-0.92,-0.11,0.08,-0.10
-39.94,-57.06,32.65,-0.36,-0.08,-0.92,-0.11,0.08,-0.10
-40.07,-57.26,32.68,-0.36,-0.08,-0.92,-0.11,0.09,-0.10
-40.21,-57.47,32.71,-0.36,-0.08,-0.92,-0.11,0.08,-0.10
-40.35,-57.67,32.74,-0.36,-0.08,-0.92,-0.11,0.08,-0.10
-40.49,-57.88,32.77,-0.36,-0.08,-0.92,-0.11,0.08,-0.10
-40.63,-58.09,32.80,-0.36,-0.08,-0.92,-0.11,0.08,-0.10
-40.77,-58.30,32.82,-0.36,-0.08,-0.92,-0.11,0.08,-0.10
-40.91,-58.51,32.85,-0.36,-0.08,-0.92,-0.11,0.08,-0.10
-41.05,-58.71,32.88,-0.36,-0.08,-0.92,-0.11,0.08,-0.10
-41.19,-58.92,32.91,-0.36,-0.08,-0.92,-0.11,0.08,-0.10
-41.33,-59.13,32.93,-0.36,-0.08,-0.92,-0.11,0.08,-0.10
-41.47,-59.34,32.96,-0.36,-0.08,-0.92,-0.11,0.08,-0.10
-41.61,-59.55,32.98,-0.36,-0.08,-0.92,-0.11,0.08,-0.10
-41.76,-59.76,33.01,-0.36,-0.08,-0.92,-0.11,0.09,-0.10
-41.90,-59.97,33.03,-0.36,-0.08,-0.92,-0.11,0.08,-0.10
-42.04,-60.18,33.06,-0.36,-0.08,-0.92,-0.11,0.08,-0.10
-42.18,-60.39,33.09,-0.36,-0.08,-0.92,-0.11,0.09,-0.10
-42.32,-60.60,33.11,-0.36,-0.08,-0.92,-0.11,0.09,-0.10
-42.46,-60.81,33.13,-0.36,-0.08,-0.92,-0.11,0.08,-0.10
-42.60,-61.02,33.16,-0.36,-0.08,-0.92,-0.11,0.08,-0.10
-42.74,-61.23,33.18,-0.36,-0.08,-0.92,-0.11,0.08,-0.10
-42.88,-61.44,33.21,-0.36,-0.08,-0.92,-0.11,0.08,-0.10
-43.02,-61.65,33.23,-0.36,-0.08,-0.92,-0.11,0.08,-0.10
-43.16,-61.86,33.25,-0.36,-0.08,-0.92,-0.11,0.08,-0.10
-43.30,-62.08,33.27,-0.36,-0.08,-0.92,-0.11,0.08,-0.10
-43.44,-62.29,33.29,-0.36,-0.08,-0.92,-0.11,0.08,-0.10
-43.58,-62.50,33.31,-0.36,-0.08,-0.92,-0.11,0.08,-0.10
-43.72,-62.71,33.33,-0.36,-0.08,-0.92,-0.11,0.08,-0.11
-43.86,-62.92,33.34,-0.36,-0.08,-0.92,-0.11,0.08,-0.11
-44.00,-63.14,33.36,-0.36,-0.08,-0.92,-0.11,0.08,-0.11
-44.14,-63.35,33.37,-0.36,-0.08,-0.92,-0.11,0.08,-0.11
-44.28,-63.56,33.38,-0.36,-0.08,-0.92,-0.11,0.08,-0.11
-44.42,-63.78,33.40,-0.36,-0.08,-0.92,-0.11,0.07,-0.11
-44.56,-63.99,33.41,-0.36,-0.08,-0.92,-0.11,0.07,-0.11
-44.70,-64.20,33.42,-0.36,-0.08,-0.92,-0.11,0.07,-0.11
-44.84,-64.41,33.43,-0.36,-0.08,-0.92,-0.11,0.08,-0.11
-44.97,-64.62,33.44,-0.36,-0.08,-0.92,-0.11,0.07,-0.11
-45.11,-64.83,33.45,-0.36,-0.08,-0.92,-0.11,0.07,-0.11
-45.25,-65.04,33.46,-0.36,-0.08,-0.92,-0.11,0.07,-0.11
-45.38,-65.26,33.46,-0.36,-0.08,-0.92,-0.12,0.07,-0.11
-45.51,-65.47,33.46,-0.35,-0.08,-0.92,-0.12,0.05,-0.11
-45.63,-65.67,33.46,-0.35,-0.08,-0.92,-0.12,0.04,-0.11
-45.74,-65.87,33.46,-0.35,-0.08,-0.92,-0.11,0.02,-0.12
-45.83,-66.06,33.44,-0.35,-0.08,-0.92,-0.12,-0.02,-0.11
-45.87,-66.22,33.41,-0.32,-0.08,-0.93,-0.10,-0.09,-0.11
-45.89,-66.37,33.38,-0.32,-0.08,-0.93,-0.12,-0.15,-0.11
-45.87,-66.50,33.32,-0.33,-0.08,-0.93,-0.12,-0.21,-0.10
-45.82,-66.62,33.27,-0.33,-0.08,-0.92,-0.12,-0.19,-0.11
-45.79,-66.75,33.20,-0.34,-0.08,-0.92,-0.13,-0.16,-0.12
-45.86,-66.94,33.19,-0.45,-0.09,-0.92,-0.14,0.01,-0.11
-46.00,-67.14,33.19,-0.49,-0.09,-0.92,-0.06,0.10,-0.11
-46.15,-67.34,33.22,-0.41,-0.07,-0.87,-0.12,0.10,-0.05
-46.27,-67.54,33.25,-0.40,-0.07,-0.87,-0.10,0.06,-0.10
-46.40,-67.75,33.28,-0.39,-0.09,-0.93,-0.12,0.08,-0.05
-46.55,-67.97,33.30,-0.38,-0.10,-0.93,-0.11,0.11,-0.11
-46.71,-68.20,33.32,-0.43,-0.08,-0.89,-0.12,0.10,-0.09
-46.85,-68.41,33.34,-0.41,-0.07,-0.91,-0.10,0.08,-0.10
-46.97,-68.61,33.35,-0.38,-0.07,-0.93,-0.08,0.06,-0.09
-47.11,-68.80,33.37,-0.39,-0.06,-0.92,-0.08,0.09,-0.09
-47.26,-69.00,33.39,-0.39,-0.06,-0.91,-0.08,0.11,-0.10
-47.40,-69.21,33.40,-0.39,-0.08,-0.90,-0.09,0.09,-0.08
-47.54,-69.41,33.42,-0.40,-0.08,-0.90,-0.10,0.08,-0.09
-47.67,-69.61,33.44,-0.39,-0.09,-0.92,-0.08,0.08,-0.08
-47.81,-69.81,33.45,-0.39,-0.09,-0.92,-0.09,0.09,-0.09
-47.95,-70.02,33.47,-0.39,-0.09,-0.90,-0.09,0.10,-0.08
-48.09,-70.22,33.49,-0.38,-0.09,-0.91,-0.10,0.08,-0.08
-48.22,-70.43,33.51,-0.37,-0.09,-0.92,-0.11,0.08,-0.08
-48.35,-70.63,33.53,-0.37,-0.09,-0.92,-0.10,0.08,-0.08
-48.49,-70.84,33.54,-0.37,-0.09,-0.92,-0.10,0.09,-0.08
-48.62,-71.05,33.56,-0.36,-0.09,-0.92,-0.11,0.08,-0.08
time:5004	
-48.703896,-71.182663,33.566021
-48.76,-71.27,33.57,-0.36,-0.09,-0.92,-0.11,0.08,-0.08
-48.89,-71.48,33.58,-0.36,-0.08,-0.92,-0.11,0.08,-0.09
-49.02,-71.70,33.59,-0.36,-0.08,-0.92,-0.11,0.08,-0.09
-49.16,-71.91,33.59,-0.36,-0.08,-0.92,-0.11,0.09,-0.10
-49.30,-72.13,33.60,-0.36,-0.08,-0.92,-0.11,0.08,-0.10
-49.44,-72.34,33.59,-0.36,-0.08,-0.92,-0.11,0.07,-0.11
-49.57,-72.56,33.59,-0.36,-0.08,-0.92,-0.11,0.08,-0.11
-49.70,-72.77,33.59,-0.36,-0.08,-0.92,-0.11,0.08,-0.10
-49.84,-72.98,33.58,-0.37,-0.08,-0.92,-0.11,0.08,-0.10
-49.97,-73.19,33.58,-0.38,-0.08,-0.92,-0.11,0.08,-0.10
-50.11,-73.40,33.58,-0.38,-0.08,-0.91,-0.11,0.08,-0.10
-50.25,-73.62,33.58,-0.38,-0.08,-0.91,-0.11,0.08,-0.10
-50.38,-73.83,33.59,-0.38,-0.08,-0.92,-0.11,0.08,-0.10
-50.52,-74.05,33.59,-0.38,-0.08,-0.92,-0.11,0.08,-0.10
-50.65,-74.26,33.59,-0.38,-0.08,-0.92,-0.11,0.08,-0.10
-50.79,-74.47,33.59,-0.38,-0.08,-0.92,-0.11,0.08,-0.10
-50.92,-74.68,33.58,-0.38,-0.08,-0.92,-0.11,0.08,-0.10
-51.05,-74.89,33.58,-0.38,-0.08,-0.92,-0.11,0.08,-0.10
-51.19,-75.11,33.58,-0.38,-0.08,-0.92,-0.11,0.08,-0.10
-51.32,-75.32,33.57,-0.38,-0.08,-0.92,-0.11,0.08,-0.10
-51.45,-75.53,33.57,-0.38,-0.08,-0.92,-0.11,0.08,-0.10
-51.59,-75.75,33.56,-0.38,-0.08,-0.92,-0.11,0.08,-0.10
-51.72,-75.96,33.56,-0.38,-0.08,-0.92,-0.11,0.08,-0.10
-51.86,-76.17,33.55,-0.38,-0.08,-0.91,-0.11,0.08,-0.10
-51.99,-76.38,33.54,-0.38,-0.08,-0.91,-0.11,0.08,-0.10
-52.12,-76.60,33.54,-0.38,-0.08,-0.92,-0.11,0.08,-0.10
-52.26,-76.81,33.53,-0.38,-0.08,-0.92,-0.11,0.08,-0.10
-52.39,-77.02,33.52,-0.38,-0.08,-0.92,-0.11,0.08,-0.10
-52.53,-77.24,33.52,-0.38,-0.08,-0.92,-0.11,0.09,-0.10
-52.66,-77.45,33.51,-0.38,-0.08,-0.91,-0.11,0.09,-0.10
-52.80,-77.67,33.50,-0.38,-0.08,-0.92,-0.11,0.09,-0.10
-52.93,-77.88,33.49,-0.38,-0.08,-0.92,-0.11,0.09,-0.10
-53.07,-78.09,33.48,-0.38,-0.08,-0.92,-0.11,0.08,-0.10
-53.20,-78.31,33.47,-0.38,-0.08,-0.92,-0.11,0.08,-0.10
-53.33,-78.52,33.46,-0.38,-0.08,-0.92,-0.11,0.08,-0.10
-53.47,-78.73,33.45,-0.38,-0.08,-0.92,-0.11,0.09,-0.10
-53.60,-78.95,33.44,-0.38,-0.08,-0.92,-0.11,0.08,-0.10
-53.73,-79.16,33.43,-0.38,-0.08,-0.92,-0.11,0.08,-0.10
-53.87,-79.37,33.42,-0.38,-0.08,-0.92,-0.11,0.09,-0.10
-54.00,-79.59,33.41,-0.38,-0.08,-0.91,-0.11,0.08,-0.10
-54.13,-79.80,33.40,-0.38,-0.08,-0.91,-0.11,0.08,-0.10
-54.26,-80.01,33.39,-0.38,-0.08,-0.92,-0.11,0.08,-0.10
-54.39,-80.23,33.37,-0.38,-0.08,-0.92,-0.11,0.08,-0.10
-54.53,-80.44,33.36,-0.38,-0.08,-0.92,-0.11,0.09,-0.10
-54.66,-80.65,33.35,-0.38,-0.08,-0.92,-0.11,0.08,-0.10
-54.79,-80.86,33.33,-0.38,-0.08,-0.92,-0.11,0.08,-0.10
-54.92,-81.07,33.32,-0.38,-0.08,-0.92,-0.11,0.08,-0.10
-55.05,-81.29,33.31,-0.38,-0.08,-0.92,-0.11,0.09,-0.10
-55.18,-81.50,33.29,-0.38,-0.08,-0.92,-0.11,0.08,-0.10
-55.31,-81.71,33.28,-0.38,-0.08,-0.92,-0.11,0.08,-0.10
-55.44,-81.92,33.26,-0.38,-0.08,-0.92,-0.11,0.09,-0.10
-55.57,-82.13,33.24,-0.38,-0.08,-0.92,-0.11,0.08,-0.10
-55.70,-82.35,33.23,-0.38,-0.08,-0.92,-0.11,0.09,-0.10
-55.83,-82.56,33.21,-0.38,-0.08,-0.92,-0.11,0.08,-0.10
-55.96,-82.77,33.19,-0.38,-0.08,-0.92,-0.11,0.08,-0.10
-56.08,-82.98,33.18,-0.38,-0.08,-0.92,-0.11,0.08,-0.10
-56.21,-83.19,33.16,-0.38,-0.08,-0.92,-0.11,0.08,-0.10
-56.34,-83.40,33.14,-0.38,-0.08,-0.92,-0.11,0.08,-0.10
-56.46,-83.61,33.12,-0.38,-0.08,-0.92,-0.11,0.08,-0.10
-56.59,-83.82,33.10,-0.38,-0.08,-0.92,-0.11,0.09,-0.10
-56.72,-84.03,33.08,-0.38,-0.08,-0.92,-0.11,0.08,-0.10
-56.85,-84.24,33.06,-0.38,-0.08,-0.92,-0.11,0.08,-0.10
-56.97,-84.45,33.04,-0.38,-0.08,-0.92,-0.11,0.08,-0.10
-57.10,-84.66,33.02,-0.38,-0.08,-0.92,-0.11,0.08,-0.10
-57.22,-84.87,33.00,-0.38,-0.08,-0.92,-0.11,0.08,-0.10
-57.35,-85.08,32.98,-0.38,-0.08,-0.92,-0.11,0.08,-0.10
-57.47,-85.29,32.95,-0.38,-0.08,-0.92,-0.11,0.08,-0.10
-57.60,-85.49,32.93,-0.38,-0.08,-0.92,-0.11,0.08,-0.10
-57.72,-85.70,32.90,-0.38,-0.08,-0.92,-0.11,0.08,-0.10
-57.84,-85.91,32.88,-0.38,-0.08,-0.92,-0.11,0.08,-0.10
-57.97,-86.12,32.85,-0.38,-0.08,-0.92,-0.11,0.08,-0.10
-58.09,-86.33,32.83,-0.38,-0.08,-0.92,-0.11,0.08,-0.10
-58.21,-86.54,32.80,-0.38,-0.08,-0.91,-0.11,0.08,-0.10
-58.33,-86.74,32.78,-0.38,-0.08,-0.91,-0.11,0.08,-0.10
-58.45,-86.95,32.75,-0.38,-0.08,-0.92,-0.11,0.08,-0.10
-58.58,-87.16,32.73,-0.38,-0.08,-0.92,-0.11,0.08,-0.10
-58.70,-87.36,32.70,-0.38,-0.08,-0.92,-0.11,0.08,-0.10
-58.81,-87.57,32.68,-0.38,-0.08,-0.92,-0.11,0.08,-0.10
-58.93,-87.77,32.65,-0.38,-0.08,-0.92,-0.11,0.07,-0.10
-59.05,-87.97,32.62,-0.37,-0.08,-0.92,-0.11,0.07,-0.10
-59.16,-88.18,32.59,-0.37,-0.08,-0.92,-0.11,0.07,-0.10
-59.27,-88.38,32.56,-0.38,-0.08,-0.92,-0.11,0.07,-0.11
-59.38,-88.58,32.53,-0.38,-0.08,-0.92,-0.11,0.07,-0.11
-59.49,-88.79,32.50,-0.38,-0.08,-0.92,-0.11,0.07,-0.10
-59.60,-88.99,32.47,-0.38,-0.08,-0.92,-0.11,0.06,-0.10
-59.71,-89.19,32.44,-0.38,-0.08,-0.92,-0.11,0.07,-0.10
-59.82,-89.39,32.41,-0.38,-0.08,-0.92,-0.11,0.07,-0.10
-59.93,-89.59,32.38,-0.38,-0.08,-0.91,-0.11,0.07,-0.10
-60.03,-89.78,32.35,-0.38,-0.08,-0.92,-0.11,0.06,-0.11
-60.13,-89.98,32.31,-0.38,-0.08,-0.92,-0.11,0.06,-0.11
-60.23,-90.18,32.27,-0.38,-0.08,-0.92,-0.11,0.06,-0.12
-60.33,-90.37,32.24,-0.38,-0.08,-0.91,-0.11,0.06,-0.11
-60.44,-90.57,32.20,-0.39,-0.08,-0.91,-0.11,0.07,-0.11
-60.55,-90.77,32.16,-0.39,-0.08,-0.91,-0.11,0.07,-0.11
-60.66,-90.98,32.13,-0.39,-0.08,-0.91,-0.11,0.08,-0.10
-60.77,-91.18,32.10,-0.39,-0.08,-0.91,-0.11,0.08,-0.10
-60.89,-91.38,32.07,-0.39,-0.08,-0.91,-0.11,0.09,-0.10
-61.01,-91.58,32.04,-0.39,-0.08,-0.91,-0.11,0.09,-0.10
-61.12,-91.79,32.00,-0.38,-0.08,-0.91,-0.11,0.08,-0.10
-61.24,-91.99,31.97,-0.38,-0.08,-0.91,-0.11,0.08,-0.11
time:6004	
-61.304447,-92.109482,31.946550
-61.35,-92.19,31.93,-0.38,-0.08,-0.91,-0.11,0.09,-0.11
-61.47,-92.40,31.89,-0.38,-0.08,-0.91,-0.11,0.09,-0.10
-61.58,-92.60,31.86,-0.38,-0.08,-0.91,-0.11,0.09,-0.10
-61.70,-92.80,31.83,-0.38,-0.08,-0.92,-0.11,0.09,-0.10
-61.81,-93.00,31.79,-0.38,-0.08,-0.92,-0.11,0.09,-0.10
-61.92,-93.20,31.76,-0.38,-0.08,-0.92,-0.11,0.09,-0.10
-62.04,-93.40,31.72,-0.38,-0.08,-0.92,-0.11,0.08,-0.10
-62.15,-93.60,31.68,-0.38,-0.08,-0.91,-0.11,0.08,-0.11
-62.26,-93.80,31.64,-0.38,-0.08,-0.92,-0.11,0.08,-0.10
-62.37,-94.00,31.61,-0.38,-0.08,-0.92,-0.11,0.08,-0.10
-62.48,-94.21,31.57,-0.38,-0.08,-0.91,-0.11,0.09,-0.10
-62.59,-94.41,31.53,-0.38,-0.08,-0.91,-0.11,0.09,-0.10
-62.71,-94.60,31.50,-0.38,-0.08,-0.92,-0.11,0.09,-0.10
-62.82,-94.80,31.46,-0.38,-0.08,-0.92,-0.11,0.08,-0.10
-62.92,-95.00,31.42,-0.38,-0.08,-0.91,-0.11,0.08,-0.11
-63.03,-95.20,31.38,-0.38,-0.08,-0.91,-0.11,0.08,-0.10
-63.14,-95.40,31.34,-0.38,-0.08,-0.92,-0.11,0.08,-0.10
-63.25,-95.59,31.30,-0.38,-0.08,-0.92,-0.11,0.08,-0.10
-63.35,-95.79,31.26,-0.38,-0.08,-0.92,-0.11,0.08,-0.10
-63.46,-95.99,31.22,-0.38,-0.08,-0.91,-0.11,0.08,-0.10
-63.57,-96.19,31.18,-0.38,-0.08,-0.91,-0.11,0.09,-0.10
-63.68,-96.38,31.14,-0.38,-0.08,-0.91,-0.11,0.08,-0.10
-63.78,-96.58,31.10,-0.38,-0.08,-0.91,-0.11,0.08,-0.10
-63.89,-96.78,31.06,-0.38,-0.08,-0.92,-0.11,0.08,-0.10
-63.99,-96.97,31.02,-0.38,-0.08,-0.92,-0.11,0.08,-0.10
-64.10,-97.17,30.98,-0.38,-0.08,-0.91,-0.11,0.08,-0.10
-64.20,-97.36,30.94,-0.38,-0.08,-0.91,-0.11,0.08,-0.10
-64.31,-97.56,30.90,-0.38,-0.08,-0.92,-0.11,0.08,-0.10
-64.41,-97.75,30.86,-0.38,-0.08,-0.92,-0.11,0.08,-0.10
-64.51,-97.94,30.81,-0.38,-0.08,-0.92,-0.11,0.08,-0.10
-64.62,-98.14,30.77,-0.38,-0.08,-0.91,-0.11,0.09,-0.10
-64.72,-98.33,30.73,-0.38,-0.08,-0.91,-0.11,0.09,-0.10
-64.82,-98.53,30.69,-0.38,-0.08,-0.91,-0.11,0.09,-0.10
-64.93,-98.72,30.64,-0.38,-0.08,-0.91,-0.11,0.08,-0.10
-65.03,-98.91,30.60,-0.38,-0.08,-0.92,-0.11,0.09,-0.10
-65.13,-99.11,30.55,-0.38,-0.08,-0.92,-0.11,0.08,-0.10
-65.23,-99.30,30.51,-0.38,-0.08,-0.92,-0.11,0.08,-0.10
-65.33,-99.49,30.47,-0.38,-0.08,-0.92,-0.11,0.08,-0.10
-65.43,-99.68,30.42,-0.38,-0.08,-0.92,-0.11,0.08,-0.10
-65.53,-99.87,30.38,-0.38,-0.08,-0.91,-0.11,0.09,-0.10
-65.63,-100.06,30.33,-0.38,-0.08,-0.91,-0.11,0.08,-0.10
-65.73,-100.25,30.29,-0.38,-0.08,-0.92,-0.11,0.09,-0.10
-65.83,-100.44,30.24,-0.38,-0.08,-0.92,-0.11,0.09,-0.10
-65.92,-100.63,30.19,-0.38,-0.08,-0.92,-0.11,0.08,-0.10
-66.02,-100.82,30.15,-0.38,-0.08,-0.92,-0.11,0.08,-0.10
-66.12,-101.01,30.10,-0.38,-0.08,-0.92,-0.11,0.08,-0.10
-66.21,-101.20,30.06,-0.38,-0.08,-0.92,-0.11,0.08,-0.10
-66.31,-101.38,30.01,-0.38,-0.08,-0.91,-0.11,0.08,-0.10
-66.40,-101.57,29.96,-0.38,-0.08,-0.91,-0.11,0.09,-0.10
-66.50,-101.76,29.92,-0.38,-0.08,-0.91,-0.11,0.09,-0.10
-66.59,-101.95,29.87,-0.38,-0.08,-0.91,-0.11,0.09,-0.10
-66.69,-102.14,29.82,-0.38,-0.08,-0.92,-0.11,0.09,-0.10
-66.78,-102.33,29.77,-0.38,-0.08,-0.91,-0.11,0.09,-0.10
-66.88,-102.51,29.73,-0.38,-0.08,-0.91,-0.11,0.08,-0.10
-66.97,-102.70,29.68,-0.38,-0.08,-0.91,-0.11,0.09,-0.10
-67.06,-102.89,29.63,-0.38,-0.08,-0.92,-0.11,0.08,-0.10
-67.15,-103.07,29.58,-0.38,-0.08,-0.92,-0.11,0.08,-0.10
-67.24,-103.26,29.53,-0.38,-0.08,-0.92,-0.11,0.08,-0.10
-67.33,-103.44,29.48,-0.38,-0.08,-0.92,-0.11,0.08,-0.10
-67.42,-103.63,29.43,-0.38,-0.08,-0.91,-0.11,0.08,-0.10
-67.51,-103.81,29.38,-0.38,-0.08,-0.91,-0.11,0.08,-0.10
-67.60,-103.99,29.33,-0.38,-0.08,-0.91,-0.11,0.08,-0.10
-67.69,-104.18,29.28,-0.38,-0.08,-0.91,-0.11,0.08,-0.10
-67.78,-104.37,29.23,-0.38,-0.08,-0.92,-0.11,0.08,-0.10
-67.87,-104.55,29.18,-0.38,-0.08,-0.92,-0.11,0.08,-0.10
-67.96,-104.73,29.13,-0.38,-0.08,-0.92,-0.11,0.08,-0.10
-68.05,-104.91,29.08,-0.38,-0.08,-0.91,-0.11,0.08,-0.10
-68.13,-105.10,29.03,-0.38,-0.08,-0.91,-0.11,0.08,-0.10
-68.22,-105.28,28.98,-0.38,-0.08,-0.91,-0.11,0.08,-0.10
-68.31,-105.46,28.92,-0.38,-0.08,-0.91,-0.11,0.08,-0.10
-68.39,-105.64,28.87,-0.38,-0.08,-0.91,-0.11,0.08,-0.10
-68.47,-105.82,28.82,-0.38,-0.08,-0.91,-0.11,0.08,-0.10
-68.56,-105.99,28.76,-0.38,-0.08,-0.92,-0.11,0.08,-0.10
-68.64,-106.17,28.71,-0.38,-0.08,-0.92,-0.11,0.08,-0.10
-68.72,-106.35,28.66,-0.38,-0.08,-0.91,-0.11,0.08,-0.10
-68.80,-106.53,28.61,-0.38,-0.08,-0.91,-0.11,0.08,-0.10
-68.89,-106.71,28.55,-0.38,-0.08,-0.92,-0.11,0.08,-0.10
-68.97,-106.89,28.50,-0.38,-0.08,-0.91,-0.11,0.08,-0.10
-69.05,-107.06,28.44,-0.38,-0.08,-0.91,-0.11,0.08,-0.10
-69.12,-107.24,28.39,-0.38,-0.08,-0.91,-0.11,0.08,-0.10
-69.20,-107.42,28.34,-0.38,-0.08,-0.91,-0.11,0.08,-0.10
-69.28,-107.59,28.28,-0.38,-0.08,-0.92,-0.11,0.08,-0.10
-69.36,-107.77,28.23,-0.38,-0.08,-0.92,-0.11,0.08,-0.10
-69.44,-107.95,28.18,-0.38,-0.08,-0.91,-0.11,0.08,-0.10
